87912
78211
90821
39431
45466
64575
56475
87912
78211
90821
39431
45466
64575
56475
87912
78211
90821
39431
45466
64575
56475
87912
78211
90821
39431
45466
64575
56475
87912
78211
90821
39431
45466
64575
56475
87912
78211
90821
39431
45466
64575
56475
87912
78211
90821
39431
45466
64575
56475
87912
78211
90821
39431
45466
64575
56475
87912
78211
90821
39431
45466
64575
56475
87912
78211
90821
39431
45466
64575
56475
87912
78211
90821
39431
45466
64575
56475
87912
78211
90821
39431
45466
64575
56475
87912
78211
90821
39431
45466
64575
56475
87912
78211
90821
39431
45466
64575
56475
87912
78211
90821
39431
45466
64575
56475
87912
78211
90821
39431
45466
64575
56475
87912
78211
90821
39431
45466
64575
56475
87912
78211
90821
39431
45466
64575
56475
87912
78211
90821
39431
45466
64575
56475
87912
78211
90821
39431
45466
64575
56475
87912
78211
90821
39431
45466
64575
56475
87912
78211
90821
39431
45466
64575
56475
87912
78211
90821
39431
45466
64575
56475
87912
78211
90821
39431
45466
64575
56475
87912
78211
90821
39431
45466
64575
56475
87912
78211
90821
39431
45466
64575
56475
87912
78211
90821
39431
45466
64575
56475
87912
78211
90821
39431
45466
64575
56475
